2452290839
1515894104
9522663211
2612100318
6706806871
1138203000
7147937640
6580310477
4544649670
4564154054
4182056962
36899483
6448487202
3446465676
908124144
6722720562
3883176530
8557625999
1887427928
5775025662
4105643980
4128566246
4471105902
8828636652
5085234226
6269076532
3351738292
2740649728
2106118170
7411601953
659377527
7192125635
5981853058
2757658813
1942755456
7928241817
7788580084
7741516025
1649297075
3018710524
131475475
1534241548
5976288746
3519130860
5743525423
3038607820
2233581535
8800308771
7961106726
5609942935
7784419449
8034479249
8695341995
7427346927
9424195028
9988007646
6403782644
8760399058
4233413099
8326829300
2636294558
7591838493
5633277958
7992705290
8361083715
7247536467
5446514489
5338828068
3516985235
5959550832
2997027446
6384512572
2445489172
5037282360
7500785227
4928335469
6663550412
3442285641
2630414037
5361787412
9374011105
1962829491
8223515197
501275332
5877576752
9775102418
1429075394
2103696888
8736329840
3875617807
9095677773
4838778083
7817182951
9443839063
2200292427
428108805
8397173593
9768945859
6109565450
7276633410
8316425478
2987447320
9337336483
2923454512
2069945954
1756501840
4754488017
5901159494
8498846688
3208029323
7897691511
6076843276
9447394118
2214249217
7998669671
6966345064
8217776655
4890633790
6010339430
3539287910
5214158123
2723742017
747416284
4319491588
2641089669
8348711787
9454506903
4847714553
3352798480
7664971820
6280837654
2628740451
3382428457
4083032647
7830215500
3643134895
3655391074
8952187168
8521985814
2900695771
3207644656
6455628023
4810012882
8182340341
4244015717
1403643869
8094183037
3178765332
1656829968
3478866880
7984737870
1603435541
2347702793
6456902830
6505274573
9140231973
4491869942
5308624941
2562303429
5012817121
6551687529
6230732194
4040067091
5543150364
3151928602
9412388517
1063738623
1437424440
4576134814
5687832009
33132522
3799009235
2771412374
9861160171
4521641212
2716286233
2831065993
1129905146
5170358737
3252763979
8176388790
8937824046
3466963945
2726973046
5236458038
8118604908
4975518336
3168856377
718496317
6493044898
1529626609
5690202390
2029985132
1564096672
9144102157
4261997086
8135187162
2480862928
1047150297
5750877419
9972633963
9328549734
3932838193
8551418326
554942009
5106900121
9602820168
9768966949
205610598
7781260999
4839587018
1450171510
6796671689
7836216332
8181072461
5488887664
4803476618
5989812154
7099946032
585803347
8205015308
5595409920
7294338848
6668704202
934070887
7287734723
8708256375
5617728273
4076551615
4316798873
4430149233
9460086080
6989819615
5466662711
2330777398
1107663001
5936765304
2273493319
3903637826
7972917417
4687780225
9256747938
813206093
5680898064
9688420876
21156057
2370849405
7299554608
1500261720
8715528264
3307737482
8036564655
294001763
5036843406
6677641174
328018096
4003081319
8139831220
9737035108
8290715453
3617564077
6936303313
6988670038
48960052
7491125276
867777399
130848793
3608241096
2350328005
6280652108
9074325574
7011489958
4402067615
7738632914
3088539421
124935065
197854274
6037606750
3679882809
3363377947
12489871
4339010063
207149830
4169930976
2117267446
9276059160
7811786924
8747762799
3937714773
3608997198
5873090139
3038598186
2776025492
9265886809
7818454604
6829112454
2629616161
465735847
6452201728
9716035817
9314050876
3961586826
242665077
3125265895
6666552811
7756884192
8057125
3569004912
2114834277
6908824963
9663552892
1542769694
7624703292
5980237950
9891456096
9259194115
1074387029
5280471526
3841221395
1304265433
6812439645
3015869060
2860797373
1143703985
6957071230
124026062
7060220986
9859276184
8975638908
206906670
1218497725
1236481761
1957657959
1515241335
7525385948
2819646036
6131541284
4650649063
3432453447
6039400778
1082849974
636776213
9304727831
8919964541
7686877945
916790504
6961658543
475205635
9849628085
1822569581
9841234390
4336093780
9446115742
6791444452
5125865432
1891494643
7164197612
5334218214
8561434968
3939717086
8946579930
6248989426
299050346
229006462
495784631
9070868542
9552170216
3204635904
5691577602
687427401
2112575884
8664070676
7121836788
3329416764
272869662
84356797
2853840808
6903316859
7275502901
5669214310
6602818673
4245611937
4883824635
9544418832
7146981000
5395124652
9755202963
2209655826
456003017
5915291112
9872273755
6870065672
1956911725
2000153778
2748579236
9136714373
3790249974
2128917309
131903758
5688493765
7337102487
4204797721
8851674557
5213380632
1109973448
5394760712
7389494406
7718970642
2294888668
7157200164
9065920885
804574943
5595640958
8148049916
2486381834
4911360324
2531647263
6970103047
5588022931
6876944685
438579998
2019483881
987627697
7628418619
6173668959
1341294385
4037641957
6604516685
6450278960
8009856713
2462754745
777295182
5242661260
1660333999
6302145465
6436534412
418573377
491198243
2335509105
8905464445
6045735426
6750902380
2719677846
4542194410
2487075374
8290896999
2055846
4563047576
8094958984
1782934472
1770837168
2979334824
1973743984
4750225723
4103269948
7674251222
7831653422
8250646743
5696686311
338581362
3028492657
875333242
8710331216
1813705314
8055764849
6954381045
6182665138
3451777483
7879006562
1542875589
216291994
6118321698
3848256218
9121832549
4962557184
3164156365
9455868239
1740869098
3956850912
1030027394
8858726006
747554009
4322757184
2352106145
3336730984
3948764379
4479902584
6140535772
6826897190
7155317213
7908147065
468224976
965299993
1531552108
2737881006
7509336546
92423632
4380997655
9430178644
3888828616
6968210643
4657856927
628167607
51531576
3025792822
8660590045
1323190808
3042904718
6197269997
4940761721
2254934663
932930989
5315298932
7537463835
2544969591
8568451884
3239773054
1378072704
2738468176
5745918933
2290429971
6494605439
7558084268
4043342787
8561464976
8775942443
6885001938
6962775841
8384180917
5770487123
3714422961
9226706046
2933665252
4607482654
5400488697
2780624421
709765383
5105410122
3221936547
6365784577
3243850518
2258030557
3536476136
9661852979
488100472
8136864132
8736911430
6672972316
9992298378
7831764592
2199708202
3499034678
3226225068
6712189144
6404845910
1629671629
3114334567
7032863743
1000566914
6292746432
4744500756
4076915153
8769856797
9275672114
3333114193
2741780223
3987022284
180344887
1420207301
1353154916
660226981
2155262748
7423879937
4181011809
1126131856
3882576999
4402258863
4169596561
4439519103
2055904502
7335476812
3132063094
4740156143
4871592432
3718007070
4225434365
8235976564
5962938657
6219972447
2830493649
229789687
4000961959
5790079689
2470840693
5739944584
6781165282
945126383
416824619
5467793157
8806142877
2134404618
1855271139
1315438792
1710377690
2122837466
5006801749
1568053806
3629922445
2944823848
6092634517
1370319598
987701843
9869103704
7147976398
8945495209
5523587669
2042224962
9024686628
3625534140
9124163827
2847194962
5706445290
9832689
245420150
4368708847
1860348525
4013848055
5229963884
6538796901
3466609049
4166896711
2804669752
4489422373
1359829705
4398920393
4428471685
6880047313
531336534
4716220171
2066903639
7204318854
8773278523
5902659131
5224687486
8342044240
3423619368
9796804347
3394266584
3602583048
3086381238
9264651588
7513237481
9621159231
1667230279
848699256
8655908710
2222335086
4815941893
6740697011
6959604005
5014522179
8802347052
4255490391
1588784575
8414590158
6431174458
8363737586
4498564633
50969015
9850396121
8967345972
4390253608
9301284770
4493015278
5050584672
1369364782
5858959226
7853823703
3639148245
8646365658
5934503565
3341595088
6690969360
6960509803
7900716953
3423228342
5555910517
6850498362
5241822537
7106669889
5341496018
2360854572
2167427761
7860949228
4150246764
6549040640
9292776636
3426612590
3768304425
2253200123
2865255802
2958659079
632702546
8297821064
72372422
5581458396
30762005
7547930277
9308335691
7355467294
6824379853
9738330176
3977619169
9777637296
3983724321
2204104825
2206948315
1916622115
1342584669
2243825970
4362272192
510021195
7315486340
9711781010
2784344599
7396258046
6527356554
3261140608
6954665540
6938603094
2431720627
1229953165
7966321842
7205583070
3518446683
8140674096
4353126170
9738517908
434122756
6145639888
98271127
9063985233
6270413985
9646833133
1859088511
3430342043
3750395559
2252680316
7547583757
1699043009
9623963080
6535080164
8688801407
6251890915
7907633947
9184143032
9387030876
8961721461
5038935910
5260222082
805398782
1667359078
9698112956
6749397505
7033400182
6218992654
6683855883
5450621229
1236224693
4753313767
6217644388
1574096839
5342734194
69086661
2499990633
7312975804
9620679880
3532451320
5773589635
3946107400
9273731475
5499348298
4423243612
629768727
9361896618
1855670519
9102570284
3143901439
991052270
8615686433
2668673672
6110797146
4457451780
9452629308
2493879673
795332224
3173543583
1568969813
1138259582
3844031874
9022334836
6938226442
5278620916
7557855947
4848141418
6243218058
3084329379
4790025072
2102957623
8969816385
4806466381
9618880631
7754961612
328965695
6168398010
7178110979
5604630351
623990948
3010309495
6807792619
3592739378
6518165276
5608926984
8794470870
2879654618
652893703
2626871921
3886021148
7341306821
6566137510
5600913951
4188982495
2493130777
8836937883
6734179254
3725294055
4715260268
4556426784
1384138163
1201562307
2303587369
8709428836
1121109910
4224963831
9177528453
396496600
6048359665
9697732419
6990998589
2566160444
1628619972
4565631453
1768771445
3813075407
7548299906
442364993
842474019
4804326400
8679432425
544330970
5132656347
9995105646
3136673153
3977273053
9922610230
3147097517
2954450511
4741674382
4573868778
7992970529
8423735493
9497237620
3159348297
9880487432
7784791277
8168471031
9209727876
1526181970
1905404191
4079695585
701143768
9902430100
2768565826
9795263125
8315185854
3752544186
4371924605
5347790986
4143903977
4283920098
3971014350
6931525227
329325873
6459892316
4734800728
8723603516
7687369441
8561676934
7419631620
5679681887
8628565456
3239270809
4685625618
4876553060
3841556286
495066968
7908857615
7146445026
5327671410
84811856
4064681773
7051151419
8321984470
3052304591
6158812568
6073711780
6775077576
2815474370
4391372984
5350128903
6028856203
8743662037
9562899782
3386537884
1766493858
4669336410
9202848368
8672024908
6115345751
4921924541
9580539094
536887833
2970634235
8169536679
2744135178
55284951
2149803434
6852339928
2531161837
2886731406
1694945902
6370095142
2261710934
9249840062
4023478108
6450817138
183464697
1575779942
7355429931
5498059123
5423504737
3813016788
3681794967
5341141212
1797271916
3930942101
858404527
8425518925
4657389916
1191279525
257983002
2803603620
7544218354
4056754348
5555632111
14718823
9851296531
3890340519
5583685380
774782209
2087534821
9024306049
6252314930
6080792373
3231426067
3612526708
5877703459
5834760214
1062251554
1715444347
6706756196
3155147507
4823152211
1541366066
3347976854
2056250826
8536807219
5268001418
8829782382
4204804860
6798257285
9068048507
2522916148
9372500362
6072580282
9345908157
9658894612
1232516165
7125520999
9778704692
